109.39315647480908 201.46602353318534 953.4567749686802 80.43981061210813
391.21997583061085 687.1954185731657 309.07370242064167 87.73552079424283
49.5944365611718 481.22434993170305 741.5242481498958 91.11376132907768
925.5595276807769 190.64890574779437 345.4217874442913 40.083595793719674
200.67895620148067 188.69425185016152 423.3477053858489 46.82923325283649
607.8416780666844 23.832501010393024 143.56847468066712 38.5957733733015
327.21297259315196 946.3759858756293 714.1557285896715 75.25103219314767
828.9931086001895 417.4858428371384 784.4316652990083 69.11451326857389
587.5391412617769 417.9111583844659 701.7572613659397 93.10747280638458
587.587738089192 878.2499944012865 428.8230158753238 61.10183339505389
853.9822055642472 512.7357780521712 296.46806744248386 87.12250256790401
877.1785321111199 772.2383085014372 431.5079790391527 81.97951381981565
410.4796847817311 971.5524506524034 103.80172136561139 28.39401673024
210.5646324570173 783.8455057927938 176.78157548732298 0.613058098072794
568.0006136759155 237.4404772137525 612.2917191136113 82.29406210264627
626.2185989339882 69.78490786768432 930.8023543495959 83.98014869182306
580.4087162804788 618.6018845989294 823.9220784857704 84.6540125370864
950.5867755799844 412.9653664935423 727.8462671380155 65.75967716345596
532.5846602606998 705.1842791290014 865.8982981480161 0.9020260048695272
141.9695617832172 799.2803949631816 90.30604509610707 72.58077407276582
61.79318455182581 820.805565380859 830.0769256200406 24.794535790238157
580.377965176169 603.7232918313285 154.74916585896437 45.52464640916596
285.63035192374906 473.1041916896959 593.3465925848632 21.14002465664022
6.110158281077305 971.5704567537193 267.2601778859475 19.18794654919529
924.349166756424 598.7963234092063 624.5715129320885 55.494374200886135
739.5342837992795 602.9410538744474 575.719033274334 97.70068320253796
583.6263380702053 674.4512386039661 675.1136910186445 12.724555056602306
956.1086914853689 79.72418045915886 618.6210246197766 4.216599588296532
755.5761383183167 706.7259860276515 988.7725906205238 70.84926539880375
183.04646225759535 718.3487313632563 238.94793763099187 37.375827185717455
696.9055540954258 251.7281065343834 166.08554381468744 71.3829381809657
741.7711720032138 81.29362795351236 837.784274529586 4.591589072519597
245.31329484098407 565.3119558870337 493.6242708560924 22.497896928107597
353.7839644121078 737.822255324086 412.53714188213866 74.42748313768408
238.36861063460412 136.84063121997357 427.6288717223163 7.818680648920728
208.41272094233 552.4925459518826 69.67036762569268 88.30574274846697
320.6189404155617 206.10298466537137 403.2397618648642 33.38824508451541
473.3782076662105 556.0894281778704 573.4284327519413 38.980009579205934
269.8429514493092 159.73537527804115 179.44180152200272 94.4562407816335
501.84654450859125 14.692103065419015 311.6299199822867 14.224587264981148
970.6873493229915 193.2063537784746 849.136861484966 37.43075931098283
571.2970268140213 288.0805798236867 965.8946637724066 35.19182073660714
438.3030810624553 714.168961280813 488.4520794923407 56.59410705377505
921.4706192817719 634.1454677328079 800.7657542629719 97.25675546259768
485.59639140595556 506.833965992538 948.9179141974115 15.494503671523496
509.38625939735635 68.23580637627313 887.9724421472092 21.160528394014598
810.8393231492769 467.8401893283978 823.2142237682178 24.115495755329864
729.43106140307 361.5892536810794 596.9297817060312 24.56359415461091
894.2780300164416 105.76414188937089 557.933254549188 73.6382147112703
522.6690884148032 740.245586531901 507.9422799608978 45.828659534086526
681.8567756075167 324.38188200466413 468.5573291723338 12.4160772175531
291.1722656882535 156.23335334080969 173.7222938238012 8.535586721211319
329.96281234998224 642.268480444959 287.3678351034213 66.94250029701186
28.182026649385406 934.4888670107821 281.12073292818474 28.41512637666903
994.8215522765338 881.4345304889445 49.672932155632175 45.766688568748734
919.8448701881396 637.2323778962322 885.8542881517615 14.074968404685052
949.671983701511 966.7464594880668 729.6447144469842 71.79113562745714
749.9185358737604 984.6965860532116 676.9632747006701 76.05727602773605
478.304155810807 447.48250373225085 427.4983698225313 78.06183245789802
283.1454049087031 902.3262952374915 114.7271071146082 82.67568162924445
588.3245221613363 958.0541620385195 786.6690399672251 39.017302171099985
839.7977783267555 394.70040818164966 138.64441678169393 85.276154066578
299.35761685931004 990.5681776181283 111.92621973457307 9.607734510135135
513.382285562814 902.6659536752732 822.5200507217945 18.15815580755541
295.22059458242256 701.9973968916795 816.0816823657608 33.85026846004799
196.31165916859706 41.61393198281238 776.2464375310309 65.71557892098441
685.3597586800938 129.89854648400578 588.82262307374 15.627608605255272
441.3433063537836 217.07101066389345 995.1261589164303 1.073690719357323
363.1374872647094 75.42417560420466 724.6481843992811 48.448636079253625
670.1945703182195 535.1506773121179 984.5594590353535 40.71144886978192
568.2078113148666 383.085360299535 586.0774116619482 83.69726703028792
606.2246048879211 520.4456650051675 310.792203914063 73.3351812702813
610.1835858612784 429.56247343376583 894.0964473483662 75.5907987146704
746.6835725842724 657.4414108080231 469.40436701689435 53.397226131177355
288.98484016633665 910.3595606478477 370.9155492096916 33.97587495977148
977.5365930700515 87.56940748117236 118.71559624331107 94.88810965946918
22.973579823321156 821.0151052050464 883.8363438180605 74.1049359267605
686.2799842846366 43.95882388356598 715.2965186908689 14.758585737222408
716.6126409599698 859.0216042120318 38.255493195790244 8.650891649637039
161.32002457388606 534.7254911022819 836.3744693565983 66.88578048875377
953.9757458403562 864.7226899375463 520.7568033424039 49.92362886017369
107.67588243016057 898.8433982533072 514.7377807838824 60.96760302773948
996.7359794913161 239.4751088176912 83.54839501722222 57.80501996627837
64.25662325472015 208.17727053307266 628.9353960649231 15.183327070209685
644.2814649965521 308.3819039700002 859.6944838223222 22.619309767944827
139.51235570400388 148.56573075444834 306.8862596646983 35.810702061874466
921.185597852256 769.0675053049378 627.3896102510952 76.19747869021238
453.0908332447193 384.6082548425408 690.9532364833734 44.678532452124195
966.2933776327029 974.8200274454065 884.9236696137353 98.51985858597595
756.0739006244968 905.0374364535301 487.67158859548607 52.21701218738877
131.94595876769023 307.8209712727548 674.1096341616277 9.29851889506449
319.59356446383623 554.808892297459 101.59334339288716 40.28092190802989
673.9592207425217 249.80173007503458 427.00318527078707 75.09857818307285
389.6470355500169 930.2465885349969 192.5531523975478 59.88295589644779
938.9272753911866 687.600527727105 233.1013048198479 6.095745479975056
143.056618401151 348.12368588516074 899.7238076667139 65.12477677171822
643.2659137717164 34.59389161096116 157.87239200215163 75.4550849269104
644.7311417734352 810.6467495729714 798.2139635319704 95.39875383064611
344.616331198338 610.8304514076345 424.0333019456406 3.478467506447591
214.8544862892654 256.04179312144316 206.47266999603363 12.710051888567763
507.6700931934094 978.0952356786767 688.1438968839323 94.45355785248886
367.65420281848947 140.35935074842686 385.2057595527144 15.436738822736174
236.9096374720312 979.7951234612444 642.3189778521398 33.42746849090308
680.9842937413529 912.0723702581037 108.20861447126207 29.281011396842484
711.0658316920664 539.0216038821449 571.7858109107157 25.85993286372109
763.1309839300648 170.2315022763823 240.04663206248534 74.9494225838238
382.9555637411751 746.339980919489 985.85889438123 66.3469789165837
158.52480090513566 17.984623522955378 290.00464312109807 80.79561217191194
353.3662564059278 596.3452836561887 162.112861427144 95.24831044054555
41.69656029049052 128.1219167711668 276.2196641452712 63.2241570082444
57.07247436392182 650.7756184567888 166.32445708615262 37.969065401662135
92.2981464148931 962.5896251110471 867.696546447135 40.886177932520276
974.5520713672389 57.6413398665464 254.0434970450498 77.24400115044644
266.6582174536696 644.852746612879 768.6443671095624 50.712619028437054
986.1962370223381 577.774688482331 437.4438914088818 90.29573849697812
669.4904919849796 407.04361103551736 208.26191501035618 25.015401684268845
644.7185448697021 130.53597493842173 633.6598765335442 70.7202665334565
563.13945194932 321.68829891442994 66.91746216354977 38.152758452951495
246.7069938307913 286.92278055216735 756.8756277885371 16.249560089028048
372.65510445902794 611.8986089042397 37.61526833229978 30.816222189278164
265.5620938256735 930.4926081997121 339.739651457455 53.72880916674973
252.36349851985185 354.1744996182333 777.4477080205386 17.205316726460186
11.475795205444616 725.4666187548816 550.909854113003 21.88367626558244
379.0061836167565 133.03383105152034 746.3726146635667 74.90118521569019
501.31483668712076 15.418121407374974 395.3343534206273 34.244166882494866
801.1276156596207 785.8893009187723 136.40911656622401 16.122607825245705
534.3320931195104 275.46250688888375 824.5169625138062 81.4297324726785
965.6744989347026 778.2943435091285 606.4265105230546 55.99361893249314
374.31149935377795 60.18227926800057 423.60817921819194 22.496545176518723
999.9071639279122 453.5305849328205 195.78703268853437 43.09082698725937
174.40223408181677 703.6855906722575 275.1384745424639 91.8099391976105
296.545950016866 291.080272274713 332.7584854755273 43.24365941630867
99.46353529709518 253.319520829687 991.0049314500924 40.3090749125117
139.56688958999663 284.38069292976877 648.8347867550032 26.620977261345825
177.1296368728984 630.4867456360014 928.9554897817831 30.815990916831616
984.4073639979592 929.9496074127927 798.0387997110647 25.046031926107204
609.1023032064261 882.9749103458756 858.2336035190258 69.97536898060564
375.424110313761 522.978650490585 131.05595499702417 96.41196681606777
246.72007669152362 893.3828175064293 750.6076480967157 86.4857104769299
715.4017631162792 846.7247155843228 824.3662996609655 0.746297851888511
107.26617384520199 477.3052366545212 617.8810805628227 18.666316326644438
240.12054363207224 203.9869209973173 645.5845424646885 8.254328596073323
203.95850543132633 452.0886286482011 694.5169728475889 12.688722507125306
869.5507477223265 172.18716957949255 37.52665195004368 95.18665958045368
268.16380248137415 594.8689903737801 106.123886709922 3.494244718762607
631.8193809727409 379.7230341783828 565.8016492761225 46.32954991443222
624.9423719708483 691.0274308547762 516.0034543561367 35.72937096853613
487.92127471035343 0.23581747859213742 71.99156602082613 37.872919581540096
281.86881395243745 136.73744035035995 440.67292798203886 25.21815032363922
72.39039704932593 419.0943381721353 462.0917052330911 23.57946970754028
878.0660199431793 9.186506755695877 549.912256321007 66.53870763739066
417.01457169419433 685.8892531085057 833.2376892993631 93.668634636102
506.21740516649584 764.2027535854671 980.1997462087007 29.277207148760098
144.80454833327093 402.1271992347384 833.2135188846114 24.661396792678236
101.0186606227489 632.146247258008 534.9468699948799 36.89494560317631
869.1085006200453 460.5571968347656 735.1170882507939 40.67181451697316
493.788891200419 684.3868748141545 675.217304724484 90.04153360417088
323.9649546890435 221.48962137585315 220.35132629425703 7.379263137804914
563.7442562867889 413.9288972662055 226.09876738309853 71.53875012896356
406.307217764058 672.1676515443867 427.58624120919706 80.82980775845851
553.3462170393362 314.44518188334433 330.3383173710319 41.78232810749497
786.6162669162527 50.45108338998905 583.6890709067144 93.77634835705008
349.7310375699637 431.37875354108155 835.0124714705482 80.75356521397067
580.5417309547339 585.3321139205581 990.2916655175369 98.57725712094496
562.6191036330033 431.80001624581564 939.8056346168745 95.46329967335912
701.3467471226372 874.4056729350064 918.1648978768603 33.25091035699415
100.49320678542439 90.16601714361904 644.4193199078771 94.46427729411356
612.7988066244055 316.199794025502 421.42447806700613 43.5208630982334
631.2886144985225 794.6465213206828 65.78029761228876 57.50206001215285
366.2496238231803 955.5306289582694 649.403244871918 0.7555676201992823
174.22274824889183 891.1921966121155 878.238978761405 98.21305402450452
827.7180763203722 249.15713018789543 774.9853192797186 71.94063916215347
98.60959121512292 75.19277845231886 24.02740747602017 33.91322139467149
220.7614393866375 209.70870194494972 266.3898390835606 35.28214895147972
778.4496059077311 627.9347421399714 90.92014884027044 33.9403361278006
704.7213427946677 749.3180542920934 617.2719463297286 55.13398311280121
354.2270045318757 78.37693993285244 251.98559847298242 79.56532136615716
604.3112705213193 519.6448606312752 329.225339688479 6.883880098029316
535.1047259640277 694.55250275221 859.8376363723723 61.7900517330628
809.095182766328 390.0465191644761 95.9921564605113 39.973563954419575
533.559281282322 904.03634427361 526.482644106094 20.86569298596046
736.4206299951876 211.30217131785167 210.26635290523666 70.95964499235922
338.35284779959017 969.9454203335089 428.69625086786914 19.832134418101077
949.8740590243366 376.79469918331307 850.120998640565 94.23740804225092
269.09380344087884 893.3425730177348 783.3337980394836 8.738665386586053
708.5116688982657 48.44176002399225 345.17873305357114 35.9413505346741
974.1967720209093 522.5458950619121 254.69923900369685 28.99204857453669
377.13052394209046 226.45873345902567 70.1122952981249 28.944539342326582
935.1821892205362 699.692860778388 395.99144862450885 84.95364864183237
652.4356356151466 985.3549151351453 838.5379555169106 56.41325946689603
294.347654748497 492.5178923517102 276.38669693158914 60.568335915603974
921.18172716457 305.5009415167915 70.94995518256565 19.70355585351029
708.4541201075126 663.9423448331848 802.3765606826128 13.254952598388536
778.9195613021258 136.90236232683827 930.231129815674 21.52558341335262
374.58197252295236 459.4208484196348 503.92887092157355 19.963899068597467
199.01195043644836 114.14402504934384 85.48327588418859 73.60028555594963
734.8039119674013 624.3474097928881 40.411755263004665 3.8562017384493608
944.072110854816 37.542618529921576 556.7143617559856 59.76958291395659
114.11289530835111 312.0982861261774 997.8304162798148 1.3778775742576799
72.94508470695871 403.3515702466685 596.1053903780708 36.498319709848474
899.9081638678728 91.64943972658601 217.1049401502553 79.09711027949801
710.772575694641 958.5538178073119 168.09963522815752 48.78618587127592
105.32024805476948 535.1895219005323 533.5840947012202 62.64122296677491
457.60909750981773 602.0864319685734 566.8076175070926 68.44958478248435
317.4355285973295 414.46946007456853 743.6137475329268 81.38699859807956
614.3103110471762 720.5492609739099 297.9501414735086 81.4358138734282
295.1300770440192 42.68862333407964 20.664790359339435 83.64286080883417
671.2538214260973 775.4525362403092 422.31011879890343 20.68044512343513
640.9431250619642 146.57669220333392 895.0683717277099 57.25179232339327
820.1178244852063 283.6926566166467 267.1741825669699 27.79052583834566
611.0972553833698 326.6641921062913 530.9347939167616 6.524949580684303
368.14153202212105 177.26829603770523 0.9337631741046515 63.028359154132104
690.7398903679956 873.2083525581976 719.4105307736531 5.1563447528322985
798.0002033644247 68.30451690065654 54.158331974171524 30.87890260274775
809.1309059372136 201.40472530198815 795.7131346794456 6.523724791778063
837.2827627935941 630.7878073390697 264.749410865047 25.710551095891088
85.27126589333601 426.0994979898649 551.5904180180955 99.08428243564862
725.9767046922227 210.1529391097169 231.34409746076267 47.69812840149776
120.52115937515495 288.81939990112915 704.8600630162862 71.5097409798235
791.827748978376 486.62009176687116 725.8255350093225 93.9305985978027
626.0226459848074 576.0486294548821 827.8514924014642 46.712091128932734
549.016932931537 41.113762448488636 708.2612618844048 95.14886853120555
472.3878725435635 750.7723140574385 324.92296284734323 28.176916907636375
459.5434304130923 859.677426963754 793.0892335007815 69.32723155898802
721.7673027779364 59.38507745923482 120.99128058681441 56.040214521804955
63.43012751377941 781.6701287009263 885.3285909809852 47.431707433256285
312.5021936005421 208.42699561770107 398.01122980694527 75.11413376646902
49.12123954886394 379.70575164298424 850.8431251860935 46.05081977090805
734.3304521689711 49.98601568995464 244.28507531334242 72.27706233370525
594.9919182564148 837.2144477444889 766.9524435937535 30.52328666295665
224.19247810737798 333.75238926979887 318.0980392534568 70.60285654059678
925.5901090592879 313.5501506868977 503.8548951311309 98.1283559713033
756.9705377843761 33.65238386889913 80.08124555630725 23.530202008063583
305.90328120996224 760.141556359978 468.4725236318892 98.4062212258364
474.0085740261952 616.9457339879499 978.2410773259531 98.50313942232324
193.45314191930052 781.5078553017519 527.9920430441416 14.763034592967161
105.56576952482966 413.42384084980944 400.5392962395361 46.95068886249235
533.3256207950612 319.46641855409285 331.1604042936216 5.4485114158215335
611.1237869096634 401.691870746079 407.530938527081 57.21503335702042
470.5343516905558 238.90623166809954 305.73273333889296 3.875694533397922
673.3696631592544 286.30169768765666 324.38552349905257 86.93264515954941
357.8320533943804 146.83064337232653 980.536524249313 18.313689414034616
648.8629771900682 760.1190375546151 332.3015599642971 4.382322087543866
926.8867244278038 341.5213247754466 479.641968890718 84.4808067091476
900.72840557835 177.59650731947397 969.7612225075435 13.06487161896257
9.842284723837636 572.3079651150025 22.1134043215081 43.84485069076454
864.9553894119125 679.2478920049414 156.626349637492 56.557558097815075
639.2274027906066 512.3806380062266 386.8312820239669 24.87123456768332
977.6837259354468 392.4879672557972 591.5783640090966 84.5601439792321
366.29805379358595 819.9350562893741 837.0678152206023 88.30631997191477
322.21422797277796 644.1312943607902 335.8867348259438 80.01052825146782
808.125884421537 472.74532196065144 421.7807369689777 56.00440133524779
704.5966725172079 638.9999815736775 368.82791124953076 61.18257530173048
961.0559081586856 532.1578550797707 268.9020314788969 86.40372456080368
80.7673572757236 710.5752031905971 451.91689477726317 47.38266947300745
647.3004540857659 293.5281228801968 653.1081502964392 56.740606173581085
963.3553502733965 274.7875296496252 35.428447541445586 0.7856547206108289
671.1849781319718 522.0669457166449 458.4242170710884 12.33599486953213
171.88059452300675 378.91175825890167 274.8266867558788 2.182221151623176
724.907474606756 188.2207279228354 235.09696843957894 93.51042738473797
855.0111059197217 631.2129187336611 698.2907998933842 11.074870504917666
31.810189465801276 375.2550451556681 269.0436274417063 30.069116001583897
366.76125639491664 413.4168764866496 781.0028954455845 75.20345561090029
396.96258319117237 358.30887963152446 279.34382283901317 25.3969941208374
928.6853966792528 324.150486615885 762.7973799204844 33.2982705286865
170.94799200438882 827.708096223756 631.5222150310044 94.9141148053487
227.79220755264075 230.67632241110724 778.2705447221366 48.4631691318114
643.0658072937501 37.59694645152811 981.247249900046 9.828958892652617
934.0917083156638 50.03462598341124 210.7284106400762 35.84415445234934
275.5537520054441 261.09434867919856 920.6988226410342 40.20591385289056
212.74487039955937 847.8617356788715 879.4390305591004 63.39242342923216
400.80761855496695 595.706743972165 26.63346553727919 54.6386576638825
817.9265806920149 29.61609184977476 352.8846120386743 98.05041808796524
498.3186972882554 705.5808387219838 698.4715954140524 86.58005218328483
287.9737857363961 477.82112406564437 371.6111225614659 30.36559024133635
143.1169206908074 800.9827614804585 81.37919597676246 18.85892407616111
238.82043206194393 74.0594788485116 823.020448256339 26.770100256243225
240.78427586015482 430.13408271187126 800.7466327426798 61.14774971611161
199.8235590656423 621.1819092353733 960.6811547909246 9.706959184463415
125.99218730678518 815.6972208633343 209.22494523138903 67.07887621600896
392.8179721559428 577.2711163080716 795.4186982903344 1.2626618601777273
429.6741252548719 722.4084442751385 874.6418411078257 67.93973064335957
153.8323795565776 528.8280132785849 909.3487670284602 93.27446430029566
618.3255832145653 585.1829056982026 647.0142910255313 62.491798437159254
595.8109269533364 792.0141337684333 70.08431809599402 84.36107747202911
132.42145210329647 338.6214225288284 106.40897021866702 10.660017313600612
817.8715688536674 361.42499478604975 688.0221186727315 81.29314281183936
214.3036537791997 840.8908244155285 732.8917204605405 79.09108358884978
296.7058232074612 632.0530259062843 132.6017471038784 49.80597074486378
989.5375361513962 909.41357790399 193.01286483871306 87.86089952430733
717.3511593783304 171.08650023908555 531.3323609393575 64.83616853747421
823.6067795763807 505.66498226380816 762.19742064747 6.3190146118959785
493.7572607454386 403.5089811052055 321.160859041095 37.38357327284457
575.263973864854 204.56485647258626 914.6200135004808 2.315760622196017
747.2928096842338 970.5924398492608 649.0866558228906 22.826446007095825
428.4619777996025 439.16772261092706 945.2853222819062 6.032620193761895
717.4104771854602 421.00965381034104 95.6378380181222 3.5552763185629055
102.38420235886747 573.6016502816892 672.9243222416236 42.38858800044715
789.4909027896425 693.98943179701 139.68965525934973 52.908749081870624
81.74210344099298 799.9232266746989 920.1532264942208 88.86395718843863
375.05316027659285 665.718730589363 489.86974265526817 7.532694699954212
200.9901118031474 974.6262282062986 60.384534440858786 4.86080796309345
389.49023945273495 340.37910529403405 798.3610974725062 59.50540520985134
299.9892108101003 52.98823094181804 435.5991596267491 63.673178163295916
747.7437828144318 481.03685676667 967.1448857164793 46.16972602482059
545.2743206946764 334.6045802484625 744.1902342510994 77.65989826672278
70.41428957851048 421.17283816472093 679.1850643054104 24.244622716319963
881.81778694997 41.18724919530736 51.97020628710525 19.18548441074066
827.0391306162454 302.93668590260216 432.47862733951047 80.53636456338712
521.0799519721678 654.5818731968573 160.00560899140447 69.73575337226752
894.8544144065935 448.97616326180434 710.1489098119478 41.54065974841171
774.1973155868109 382.0783435451164 180.0514676124605 28.165721742355863
955.3069187310618 294.2033957077009 990.7450055404167 4.688719911604755
353.27720345246973 613.0005893928821 630.0774271906168 60.29696289980252
422.94719335534904 691.0711110589706 298.0522985514471 75.15870379549571
643.4811091486993 568.8742680692774 197.6526961076882 81.9523955074861
849.0493512192201 857.1004542758528 570.4517777697274 10.12270365593373
404.5419209207106 903.4707416333998 543.5752338715993 68.03663836221862
157.5866455771715 183.95720528523995 351.82883050917724 38.22251303410308
202.16946866385254 137.10059229862404 231.58349592104122 93.93126871543981
803.3808186035245 74.48734397738033 32.953056971354975 85.45016957340394
569.6972541495122 698.0759827451615 261.11311660389157 54.50466737700499
124.90172072381989 284.80902223155755 449.7731194316224 96.5437034596535
457.8983152811411 861.7282370506737 826.4972684102964 5.6587576567625035
192.53957418360855 78.32356287831088 691.3656998707631 82.011131919208
769.1885561760813 307.927300416044 452.88586539777964 28.634324014318036
424.22990694431775 276.3372217462948 827.1459737026025 14.087883230165287
207.14428728132506 521.9975624225964 798.5464876165018 86.48784553227817
37.265538275639834 503.6729745658681 764.8231843913575 75.41635188047367
436.5109652683936 992.6086456827195 856.6588334874003 95.48099685479315
286.6559337724721 246.48008590744087 453.56966982023505 53.67031373319925
742.8487754230783 508.57746136333225 257.0308470119087 80.3112047587571
866.334893480158 719.7949689714155 54.0975011916387 82.35812659836068
612.3461133571135 907.2482828061751 471.6232515416186 15.887652542844988
328.5080144555473 314.5159773808449 411.7663074842319 99.2553647743209
238.11235709468392 727.914067344135 26.127549496637425 88.01031659660072
860.6908576697017 683.5557501651659 310.5786468058035 17.872048455518897
40.046866025513324 92.02513455438289 112.12738688999369 36.994586540086246
320.98738310082507 871.3470385024273 433.94144691779866 74.14068936907339
603.7209185969223 99.33971097099148 163.8777265201562 31.056451885868896
608.9290132689849 718.4800667723148 170.34751775788226 75.83520063392119
486.05613520230975 638.5769059267834 631.6834813061106 60.70191837677774
625.5437387686579 10.313782491705116 666.2560997601033 96.4274331558607
846.5265860049993 305.9106171133853 193.29296995036026 14.56617654544794
62.17880248169927 947.254096386488 887.8624215768552 14.966012497576154
98.285834956078 759.7281331175911 234.59091350009376 53.80746743732806
286.5187835991444 542.780255023453 361.26244638535707 21.996381795857523
77.47368922787423 364.9084033390407 391.3129624929406 76.46585502276797
305.1284370425029 794.9751462117753 295.0482379256534 97.26568226583142
543.5523150066172 533.1884847508951 581.9985819289958 72.19938221089312
572.4501450364914 788.7306673374444 909.6791985738514 49.89575767877097
796.1810707227224 871.3585642696718 814.1714976618262 19.55447960391663
504.3975045622839 778.6543199865624 94.21290884839506 79.98469865050488
823.61829091269 466.95129872551854 617.4347451572191 30.35527070614865
456.48207145354337 814.5429064272029 370.3198865490536 57.298638192310115
28.22004981013182 997.9645667579671 376.83872089134564 75.58011737982012
483.09307973106206 576.7282608203951 400.17376156514905 44.95234601025862
994.5674168358013 286.56222149080935 550.3788919145903 55.97863291436405
504.8377049805109 37.355662028905165 333.8339872215682 3.3101952026719172
742.0913860187922 282.28829480329085 619.2577456861976 18.510438984730783
193.71947263966194 213.09563625376327 5.872121125303664 92.62753495072431
138.75372015512977 119.25083995678054 225.1090542237505 49.85240262785501
586.1191629423138 484.1076585876376 983.6955072444289 33.105371794589885
273.1657835964505 569.1790870182778 182.13153220182576 60.58153565895616
306.5065041231976 188.63292568087908 48.020175661953715 10.254200468956265
95.78856458419982 124.98586988613735 18.463464821601995 64.81181558471417
50.945655762923536 544.803721206561 576.6882252678448 74.03261897926122
394.7196565203145 329.207588942392 164.2390160010102 30.559504607711474
246.45269031638128 402.14330933974327 88.97631554330832 15.66222139767759
887.3185669211691 331.3298727341016 177.45055478960114 90.71832700886947
753.0560008579693 535.1440331265608 634.0168678309896 82.74448255322883
260.13504952719114 988.9552036346424 216.45852001705578 78.9789305503321
383.78380848848724 867.3051055660131 753.7568559880326 62.17330030103775
265.65902739879675 170.5552263605651 198.7398088647583 72.8675791711753
765.8275190136077 331.2559057342852 828.8543676918962 93.96851150749215
659.7276974516041 19.803943241022417 762.7549192391257 27.42602940285869
834.8051299445842 419.5181956912402 975.4798680609634 46.227534546362335
663.7754334421284 828.2977159913057 990.1801507398729 47.30167036773337
254.20088311010792 843.6429583635307 93.80049285744518 23.45617501219497
144.3027989683997 803.6164473549526 108.5370919637323 6.353718369108707
817.1056239466865 893.3654061239478 76.68940535877111 79.56674394372773
596.146942787063 795.7826433900151 554.0768860588106 9.70444868474425
455.87318766801724 99.4775480920862 248.07342995001557 94.16083836096641
71.00388994394447 761.183500219726 400.11678358149186 37.82263698158948
371.470219214835 641.2025414155332 630.4003115807956 0.9239150810705032
820.1031705444964 453.1701295725511 28.74927220084844 39.38335750245636
114.66734993508143 939.2671619411117 234.57433479220325 67.74923290645178
880.4069790348836 753.1913137183539 969.0271035817041 51.554080096460076
140.542004735155 896.516878326728 821.2490695079363 25.129478071049405
173.83087258628794 676.9040737735684 172.20169273375984 22.606204556206887
386.13894245687777 7.282967067574919 777.4970596624779 86.52216270552347
435.3548346747464 468.8390751600878 254.66165383206285 31.954509242810893
430.85344532268863 759.3198218858576 552.7583418997009 27.008610938233744
524.4631084401514 478.2356879400691 612.811714354989 87.45498852021491
234.54147011319526 794.0746398892645 252.13374834036227 90.89009052632905
358.1319152291603 94.13007203853452 429.85197241215144 84.7424076502168
300.911644833684 902.381754935719 161.67766043766818 10.796888362501145
984.9459728261426 198.16064090095497 738.8056118482846 87.51253872924985
973.2712858217192 139.893062543333 482.5099399236287 19.130102394893424
861.2087694648865 399.5184029202341 400.2436633801963 52.03768725657305
722.1906875156428 336.98468999277134 882.2653927487659 3.724286779152308
517.4955795833328 656.6082905468443 323.4098407893982 67.93442487284496
712.9062602488228 392.6559306871359 14.263562333924117 47.27334596049837
315.93033674830906 61.59548134194648 99.3798757787313 98.91302503940881
182.41103756306777 641.7171568997294 867.9994309634938 76.18709832069189
272.4013058981871 574.217748460719 331.63791405154166 20.881108368641833
478.0974714184275 357.66027477671645 856.4435306126774 82.42313357363147
277.97374535678 362.55620328428796 882.3554585764892 69.90020431710343
190.30098748948677 997.875072308948 50.74708608389966 22.073708035420868
781.3855025937571 989.1900993627937 477.73419252946957 77.83081485937096
563.7617524220649 758.6076497784125 648.6880716569536 38.6467493200704
449.3316452181622 477.043292286688 671.3424146935718 90.25350337213301
876.2034198092921 344.3700241277251 443.7047809506798 98.60906612512085
937.3541746565807 640.8686079927666 262.61986670896897 14.966657875478962
665.5617958367511 14.089363720681924 432.2632264954889 73.70752885649048
639.5234357857739 345.468761572038 323.9995613619471 73.0854029792426
11.300613823554627 244.09509871120062 770.808040557117 36.08990642184203
920.9311736863433 215.95480844631288 359.5136890426767 69.00426073352317
916.3807964009995 486.5580010044243 141.35388461460153 64.97715795503238
347.7927561027414 106.77735301561542 926.3008792872504 91.26908619539736
80.87413527944753 164.2430332520294 165.01790245650915 50.320119124480115
344.1621073956265 405.96476544267125 501.99481993058845 4.620298213117858
156.4097408776065 183.15405501491978 65.82716060883965 6.809580130875926
958.029638138632 843.6207818585749 929.3935435955267 92.74680524927022
386.9550066809305 576.7614813157742 836.065410741471 37.20195635699967
481.04555450511975 908.8879531163075 2.246657997071355 58.42484961211616
549.4062320872032 174.5654127374102 176.98139643385247 81.81398152535063
50.08702803063558 184.92170222079562 195.22419823765992 15.11922628921073
629.2620862042833 279.9450351062667 390.19815818250925 0.9305413995545964
116.14218997594305 830.3013673619458 967.2643484798733 79.28143172901753
409.46621820766825 412.0400931667637 741.4240475607851 72.52857417971751
478.29814360788237 995.4121739576224 82.36766327101108 6.559020179299457
393.0574789497274 318.43982563573803 43.619251181644 88.39648106558901
690.1511101797919 374.8675413811954 354.12277760454833 55.41509368489345
293.82034495797416 152.62655950178515 679.062860940294 64.07803319064507
841.127367107997 647.9846965528984 979.4383212166878 54.63530328755641
511.4608049468516 560.7267026279168 844.1353862070871 2.720952592446957
206.56604685182432 623.4580731964536 950.9645034378839 85.36439947676755
114.20120845086512 96.80575173254691 10.626582385852679 53.928101897778646
647.6519086311393 442.9934288766998 393.57350376632803 78.31566704095364
871.7148149440155 773.0825151594051 633.0903955226562 12.818058430976775
894.2631597200786 384.90931152944165 2.3989523622335307 83.57331830592662
462.5875973121074 804.4889942367181 464.6191137813919 20.546991421240758
950.1070117496337 57.936219062270645 731.4028215782137 95.2853451621256
937.5222335265364 293.08796177127294 816.9406692145869 95.71604529524934
734.9225431466075 619.9185454933576 903.3252948641048 63.490466589785676
366.51110027983225 711.4261662612632 480.6586381290517 59.5326615724726
781.1261907648674 564.6797146227937 665.7977096593644 79.31277483597158
626.9561901730362 518.8272068111308 329.76324439988605 3.2824716777660856
883.171235744028 950.8992129183513 719.6436009426444 62.63815970203274
816.9537992180196 923.6000062529695 979.8354753959997 39.96249065799448
241.0906002927251 991.8583912889267 933.6022096117417 41.04851300252297
420.1237744020796 249.5498421799517 574.2522967622064 94.76970413850583
426.1048175642659 491.1588076375697 99.97076428346175 91.86692415395326
389.16636823694216 406.5072555671031 225.9338020310876 23.975599271311467
894.8191799872732 961.4365441733264 103.76212141153896 63.55209151578285
689.8657739098385 621.4707538476416 670.4920468080786 25.65738342333852
164.1561222417548 793.1660551744188 253.2696738594672 45.753930327407474
863.6931545201628 794.4198898086615 228.0806543840027 41.88216498005952
222.91418370342032 897.3294376134259 230.31501317066883 72.13359059791976
963.9716699435617 212.79928841116336 513.0626765606756 10.107285383090215
416.38198359854107 612.3769660774432 997.8822699101494 89.69586717199672
467.9630430580225 974.6111619354228 219.60841210357785 95.72122862442772
959.8957506432747 750.0514283159032 133.250850703474 11.356964904022549
417.41524097937986 46.121467180464506 483.5575649330136 24.480550684316793
778.2189986911635 454.54164723614565 319.36136027351756 89.71058380038214
536.3582433593299 344.0600440826874 129.05155946632007 4.791495589494021
874.807745798158 388.84632359204994 267.1415097405708 80.29736403193397
139.72003571416823 724.3584036065258 34.03855436303304 28.80117977923503
590.804969919823 460.45838132659554 502.5016421676535 40.69804875359909
108.93053014185861 56.21515910882702 643.0047642583797 51.473652796331805
639.107876716499 874.4146097529612 59.972122622738546 88.17261011837671
936.004498656118 577.557608912878 598.5402941906857 88.2128032612938
148.33783891744977 936.1854138604022 571.8615416575957 31.9975067856629
310.20330496780736 726.7872895105368 767.4306772455996 62.03256592938218
21.989467633976357 956.9586030038415 884.0150436798581 78.13644619256502
250.70099836335967 631.312131991126 364.8534128537489 48.928485460676065
854.9294874089802 864.0893673739141 845.4410595076686 10.144291634858993
909.4313143152991 776.2139262211633 526.2905238239388 97.84735135943981
285.36186717585787 440.7387492654329 661.3872423250411 33.396610425523996
158.85900653265384 509.0290366025055 373.16699784826477 21.90369456843435
564.6705532735349 357.0651995151052 434.81461956906264 19.44810714765741
991.7286900285724 952.0856236913446 54.44464638467061 79.42718956295668
120.89415641105849 499.68762370706855 475.765690661493 61.509158504039675
371.90882776586386 286.84816380995505 478.7583941363717 84.89852225666472
315.87238944370154 266.115600633738 447.12238200600217 94.05038859350104
30.671031633212166 530.3177135402269 481.3129524684765 60.563884042031226
270.117902769223 874.5201889497775 153.61824456805172 72.20043498969756
124.12975203192455 921.9193403869469 248.0286371854936 4.072324378584802
900.3104513628795 696.9161698114642 632.6983125923314 70.36964094731167
481.72159152162 221.16406937479582 184.25765738019183 50.325831689254265
513.3409254751798 895.0847727206872 488.41144439465046 88.225736519433
970.9157488168428 315.63284025334207 491.85218255913145 9.904893520962288
187.9706014560596 322.41368523619764 88.18862372150338 10.398194343248136
782.7048797116261 549.6458897952458 919.7625252101619 13.4903603969161
316.65864868251714 474.40900062980205 170.1236476811402 12.192990907618073
575.564563368914 556.7010839757706 146.50051929281415 31.604030025634632
412.2692089727925 514.3301356806845 334.92361167996023 38.50589616279771
528.8230914828599 114.06740353042233 803.0996481382622 78.26490175453507
871.3627819519163 884.5117713589774 428.19436942091625 80.97469174471496
780.671360174398 939.7583845555858 949.6026079397328 89.1657627686051
107.6569104524926 833.3642011988768 62.61905331560047 86.3345618794669
529.9648178656968 499.47165507051693 57.228287329913584 90.39655770024063
360.2688234626924 786.0537273977897 813.8122385568824 84.68487278775085
758.4742781542288 605.945246292136 287.0487482950265 9.694761439697984
926.7973104656134 951.3370729111391 35.00781533972008 98.93779038469775
457.523680678689 817.794654188637 60.35995821400697 22.016424995729555
821.8583698719192 237.74274752891944 215.80998498167304 85.28132417931728
786.3656064793298 936.6469881846573 753.0035321684885 35.71070750961649
116.99489239284134 454.82412018663973 109.98704200246823 97.66744719319378
75.72448288391531 365.2305406173787 176.88867345636916 0.49005585542452046
18.809087091991806 550.9768947202934 230.09460692425654 39.75573946479164
138.90215628103508 351.21932032298463 995.9238284032377 93.54167805907954
514.84671830135 825.9804330657348 160.44402718273088 88.81042155087448
267.4304343018783 389.14999357486965 706.2978644389796 61.30190617738719
91.46112840948028 716.6854941787403 816.322890820649 63.52003841607399
116.48353991644578 99.9964896031067 570.0216860995207 41.358549238343436
73.15561084623256 384.00370548072215 491.8554110720672 24.40284343690523
756.0498889790457 586.3670908125949 255.70752515072226 50.549411015731216
518.3435692384957 7.630478730263346 402.5240594781202 28.76209164702389
440.28467026394367 806.8555531869523 430.9566859421373 65.28431403468365
403.6421994145898 367.6939377756893 353.79070522567525 48.263675088261905
213.1663986597605 46.2125401548894 438.407940952564 82.18663185984094
553.1619723291623 349.2079742107448 626.4051153691826 25.633131933579946
276.6777367312062 282.22202815500975 462.6401612112999 13.854152062032664
332.37830891097497 732.424642660829 428.84351021035314 43.21535868343961
973.421467804386 142.00465434368604 762.0464327659062 30.323808302329347
60.53238293783125 974.9649665450579 317.0783722727726 61.55693258037637
559.9418814456038 488.6136483425223 530.0774025494201 88.9296906805032
428.2010458620143 989.8420710138633 225.83887449924765 76.39468432718346
79.38600160482645 937.5904738381066 989.4802008598251 3.4606985394098566
657.9519779709487 646.3453009357539 3.70285867244724 12.961550704473513
83.71683567376698 191.37167421788337 151.10146100822342 29.201806257776354
400.86420239006884 115.50956552674741 982.8043593449796 59.949430241926734
247.3853819990982 671.4305199108634 925.0157998425609 13.169871878605942
579.5483732471466 312.24590317531755 48.72011604233173 8.389754550312912
391.6913754170942 450.23661297726494 448.1687952890804 73.53521687515592
370.06390332876015 233.61124322134862 585.6783422685712 86.29628718965814
461.67909880674586 478.14032798439564 489.4609453814335 67.68141668199516
721.8034832893584 361.9769800648469 671.4124731467379 40.137246316322006
932.4993333770127 839.3828249026675 165.88720678832647 83.51606178840998
478.38229908959704 755.3344090641223 155.6884663053133 42.15305830734239
219.47571028716195 591.9484413635429 791.5553904442729 7.2266664734326636
526.5834579324102 821.7734581123902 96.77229002552967 78.58489634079525
695.9922040228828 968.6342848080232 109.24192769772301 56.79859860935187
321.8063061931391 420.5628018141022 530.7827214490472 65.99685303450504
539.3954284074731 699.1350339210493 139.75314011005457 7.257253899455229
802.3289053243848 708.2763685316571 449.20026020413894 1.266696916375032
713.098760151681 543.1863224570467 425.43687215375905 64.09568772193704
935.6815087291172 786.2660515115718 105.78030659359905 53.59509415322684
845.623280883221 847.6878823423389 697.6481587358609 21.780177010635192
308.5446795829068 838.1459294778582 907.6392216844032 97.95918050936484
881.6630474932551 550.1173254576995 128.63062257254444 41.20079642278487
791.490134196806 692.2985289851885 934.2674605031796 14.365580901384877
362.79767533454356 718.3663509612035 639.3053082701232 28.155207274810746
174.37571572820508 905.2720164372784 812.4426484800838 61.18873680653978
380.46050960026156 21.761679364410426 582.8086615095125 72.27461988178526
445.933882324363 561.0397535398369 470.7864778367796 74.93876289985853
526.05076146517 60.923850209368524 965.574322450206 26.280361572493604
496.0402162116939 691.8301037149785 905.6957737578825 66.1154872625398
12.634440070270703 18.433098743639743 82.31055802589005 3.7959424699446576
660.1490063037243 779.3751178872277 326.0873994683041 56.040521244881845
315.0497765033893 255.9262489719023 107.46879223170403 1.6244363083022129
807.2655334341938 313.8358981185623 297.86868475729943 43.46585575713395
386.6966259372007 529.5571015667296 222.73259848673166 98.21659276262481
564.5240845984566 785.2162694206515 159.22182399268326 8.448910446608004
828.6502928502347 547.2396784766169 64.01089932309611 40.516211612706954
345.4095731586466 638.7238618792397 254.78073866161267 77.07008572322233
307.66372284609736 836.469824188369 376.92272400878846 80.77758795218323
504.0588919216005 994.4505606060352 52.82036896919418 79.7411718002809
841.1130071271904 175.03198394363173 454.30482346728616 68.38729189565113
791.0624470181555 166.90809619833234 603.8680374234216 39.12436540295332
939.6198921094283 720.255092365198 753.675053571232 23.64962859465084
205.053485355148 631.0264576102494 527.3691100285475 66.84124328306535
167.62683150372516 366.52164300053323 482.05853269832653 39.904728381196485
795.5552938009473 695.4100669505233 321.2195247532157 7.028680716170044
16.131132572482663 857.0749341377278 967.1413541775644 48.00446681195412
898.1151288035891 947.5086765839806 820.3903294375106 70.13876836581477
270.5178087894097 122.92881289139778 494.3676464529984 46.260527598995736
426.5537943127262 175.55434261415837 739.8740793344971 10.705501547196905
87.18568651750225 959.4548662976387 670.6494595165899 56.81114693201642
556.8340085175633 303.08621691579316 692.2040658478079 58.736029181322245
815.9402830346182 874.7623190835737 503.21671779014974 83.89473989741856
714.9315793778628 990.5987038207829 957.6189155577937 88.45710603716469
232.40519280312677 834.9143946284497 229.92905302895528 59.554040662512165
406.56954828619484 798.2680673726917 975.5597520322816 90.92865841748467
46.69529541338135 397.84078456490977 878.6359610879925 7.633756322991314
975.1422886640912 669.0730593538594 301.1767442466673 53.220470015741924
14.61910456320692 260.0948177568386 478.6923480842387 52.80973433571624
469.40579858463707 849.3708982505476 61.52767937515202 37.45180781926764
535.2479242265663 894.3412524187578 896.3041574566183 50.50508932278641
15.720300631070327 588.9753362883223 591.7588621158501 14.746008034041225
17.874259279897053 743.4744362068814 962.3791930291945 38.22899598277591
362.21741430430654 250.6662100159295 68.25208920610315 69.39835081708556
292.19300810749814 819.0805108200625 463.22326393008973 35.91862243345388
183.55880350853215 316.1017309333104 531.3422444486098 13.021944791993267
960.2635638270501 588.4351527266709 645.9725609152675 36.77747490654086
257.7536651344273 606.2466799128053 103.88658065148837 95.05986102376488
59.147762641142855 337.4436150771054 144.09008104394061 9.84126842703963
773.4604111621228 995.5184725816113 620.8411113710855 4.068028284522718
649.3076129685943 286.8582262166063 866.6291602625648 2.6340634643932326
643.8424713966818 84.896637191616 450.930076965375 64.02468413829214
266.65244641587594 343.631932925784 965.8490902471304 35.23181799243025
819.1672923277544 404.11300617229085 313.25697182469514 88.10992397411196
835.7721415367422 180.24195652506225 278.8002858964631 26.09975819984256
110.80445468028688 437.74212118706004 7.872067053099396 4.150939066165826
994.0218210204706 274.7029803795017 478.25759513600474 1.9396608948987426
546.7076699093199 904.8179118066482 489.9845530996436 88.31710589132271
752.4892069621523 946.9950699814997 771.6878597647342 10.676673862765407
65.37214308048478 790.8432436144581 55.40734828872118 17.97125391906711
135.3757300301549 305.0534740180865 468.96478188266855 94.21053449179058
815.2568494322054 904.4000337593362 866.3590415344962 98.57871361500439
998.5395447780122 501.73426889578707 733.0904178770407 56.818385688953384
690.2079928216036 144.90297640308947 301.6824465441219 20.31829768388933
233.45060242758774 407.0392994462642 555.7164922190963 43.23250634318691
89.81569984380744 591.5985869155236 150.63492883265107 13.079494776690714
322.4332604251653 433.2707146391125 208.46122508638422 48.726778962265406
173.0219402717468 224.1060910920577 990.9299031672685 25.531579534047445
814.8755829218745 401.89284050513317 513.1577475987575 12.125641607971726
633.3745707276116 451.25871384535463 926.2097590612765 83.51982411123628
693.3115544838616 369.95499447227485 441.14542719750415 83.64175029365522
644.2555443967306 717.0883123371557 213.56840789789246 58.17462942586458
504.2870612920398 33.56418542032591 323.8036092460661 69.92409302198932
770.9757457475495 806.8867558363806 233.58645858615256 87.1448639379713
852.1013380065073 980.6903092495184 504.9473266079581 65.93719142019876
305.2443267537822 788.1625754722387 525.6243627097886 21.58562061055832
936.3632572978244 564.0563007208867 687.7982496489063 24.070950281928173
247.78084428366066 434.36895441629696 250.89781863567828 69.73264854165963
245.04527970636224 535.5449702379011 165.127161717204 93.07398097908712
462.6342509039654 263.44480626516776 465.2746483866608 45.58968052667961
849.7927721431597 659.1145074705748 396.2188364501136 68.71362900518115
103.67663123517889 889.2470690756647 518.2797079276919 77.57107222260143
905.6210395708873 433.3028156019789 773.0577524538114 9.842022734320432
803.4039277875028 788.6527510893008 881.1621409641842 52.419291791285715
65.4486820202701 791.3650474506509 733.564813431908 41.68079140430431
713.3055032465087 237.07368704271082 225.93221225706571 12.825778322541769
389.65625515974267 95.71778069477898 155.34704195765082 11.79094408932465
943.3156683512984 793.372314420691 764.0912222202624 44.985879379951236
892.9941844042878 267.40122340225656 412.732803353773 43.39937549042243
642.8840404307512 930.9155177258763 626.5780727957748 42.65884753922475
310.888871970433 938.8228203768446 256.2949360082951 50.247727347234104
649.2184754125343 346.8146805058914 128.77040001650352 65.20935640859012
558.3670753064197 514.9809044519279 378.241955268383 94.00874686779134
365.91017395198645 171.5827744499877 433.64905963409603 46.18708406321292
951.7279108842212 733.0732839338448 336.55659006572193 81.3579967326115
497.85299520010705 388.77810536699263 535.9135343143319 79.5850304197223
307.1806027139002 877.0503770361995 620.191989695963 56.01623721587137
754.0414235937345 379.5315747889446 968.1505496667204 4.104720448880828
626.1844450817738 397.1860272286083 346.33613464761595 18.34957711233981
98.40920259670538 581.8839353405178 793.2070284192108 67.26909717239778
161.1155511185879 954.1692376834717 296.94384985579416 75.71515027122703
671.4778142829356 953.7983364220578 922.2323648361637 76.52057157124528
432.4900563230788 429.58368095256304 799.4682533340984 63.62497801632473
965.5368786844322 749.2040822184343 929.6075745317119 18.175930345772827
455.68732073630747 356.42899417621044 31.039033150210503 8.081246223899951
867.2499510260494 551.9858986224856 972.4630450418757 81.73950828357415
254.6991194570607 695.4028045028468 466.3734299153225 45.068337308262606
966.6045709222171 616.9597648419281 138.52874191166708 27.583431885205624
207.52448989387796 886.5040916130032 34.88661333591203 41.20696923257009
968.9564314425269 606.346519912564 192.9792314955826 0.07595184819709777
960.2320761572987 2.3356780768809537 14.316012829760915 93.74518230338094
849.434335259814 236.9874121001565 487.78207380418536 70.16185982175371
903.5464744614403 261.93660178693176 541.8251588608289 0.7335766740073524
529.3451000446258 129.582811495775 778.5931827560186 78.40618218769949
941.2141875620226 214.34191843402917 115.8838541060907 25.119561990940444
144.9497622494178 657.6426602943136 493.725094148122 97.9221333910134
295.8050585232247 510.45605109259094 868.8132468548429 25.983089952232852
301.1832993275071 334.97735307535527 270.3426526705893 16.883246859454704
617.0483125955071 109.20969796041724 996.2210274680655 70.11483232828107
77.95758121080266 637.8895718317688 870.8927348228542 35.90514293598343
677.5775354828279 999.6836685198987 730.3019545884509 6.872282350998882
47.42168813414405 378.7748633597048 741.5843442531625 8.765964882415778
680.8587897430341 515.1255786787748 737.218788355946 88.58309376661775
404.0345982124939 469.4996568448294 216.25716101251948 30.045893559591885
963.0846472160713 652.654432302172 957.8708994083554 95.198036941339
524.5072349637164 847.5264814853045 570.6325209438444 11.62180917971467
813.6906826672288 563.8713275322406 706.8815698424711 49.2991394987159
614.6544304047956 549.79433643622 228.84133595187427 94.22135790209275
545.1003602833421 670.5916373580402 862.1464875335555 65.56126062861921
733.7750629716862 159.34531963151932 24.626760818367455 65.98576745050279
283.9911715125721 873.833323361394 145.75784143846536 76.80472365720226
336.9618000944541 734.5206504731826 57.08760169804938 17.721077084370084
912.9488125683342 878.5134705840129 672.2775332075661 82.62380732034642
371.1590246757839 620.6061153014007 416.3260351107212 79.75792700097966
247.77115009741314 267.89628262649666 264.05573767094006 65.18448673704499
291.1003198852248 423.74785865832985 941.677049504826 99.01600907182217
714.9171231209359 833.1373248823714 356.9585666061396 5.797593553955361
864.7781186651458 195.3314423631214 797.1340748529248 84.31646102258907
634.1186094497654 659.7907776101188 330.050411103245 1.9641482250416287
974.6592839544284 310.6976014691881 871.8601188902965 76.04158620051076
681.6383909252503 871.928779833863 766.2817785577383 43.96579072739982
191.52949385425234 85.86843696484769 493.9449179572858 6.890356973960432
848.8438616557779 88.2331360351164 300.15739404873653 93.15774912013809
341.50331302314305 312.0019040011188 593.0539617940877 75.24583074015754
32.772477287964506 505.46472502070884 479.5419944606909 14.209255966403623
144.00505861361557 403.034113025981 625.9704731758326 97.64497624031165
224.49719712618122 202.94182024780915 936.9522275062182 73.45974585330892
338.16017774399864 117.60061327082305 49.83058130979578 78.46611518333575
840.1987704481852 570.5708888317333 40.43466725387679 92.13585705405961
925.8905187255525 655.1490457726551 271.5590959939913 79.62047459594451
110.14565018346633 415.7341629813859 798.0175732865122 58.26836336236102
311.8342243512832 551.2371934005182 597.8575072296294 48.419897880252535
899.8705649410173 177.86008603169012 480.46714484535056 80.81337995325214
768.3132884971009 140.23127404554415 396.84912205050426 44.86198927106274
80.68323591688487 3.987131517940501 385.9158660500972 42.04835226900103
18.135923094884767 271.829788000837 905.0127209452339 43.205212028496675
918.6867243352918 397.4667009601187 505.1288358799656 2.264739826344475
558.0640809786925 157.9599221940553 690.0874887909488 26.619937429994657
963.0070195218613 703.8615021734736 754.7203015880536 83.10930551027042
144.84596383754754 975.3525968572376 229.21453195983565 62.60828129247871
336.9794321702574 849.6230794312334 675.9494994678616 61.779684259665565
528.6594767248573 791.0669665084322 439.3013722975546 61.81597071357386
83.48903320342093 52.58290418908362 243.74956985005224 20.704290061382324
946.9218199949742 775.3391261760074 185.86044213822805 4.125377976564437
950.9193363318246 870.9768446303984 15.477789498449802 8.488991620754959
661.4549387382232 871.9218343910371 582.4105437527807 77.03479561924836
259.43988269702953 724.4020242423313 66.65689281935994 56.19681596502535
167.11154254600513 344.55839101728515 756.8812077243907 47.34523862627843
851.6748179143458 910.490424981024 513.9950121098191 59.24825795222923
393.2710943321609 189.97549957607373 37.330260338637956 19.073457641883664
52.501780889001594 248.8409785976281 685.6463195237571 97.5258867358742
136.17533671799242 451.71547961217584 847.1028575238847 95.06569538506582
429.0660479617027 369.6797061738656 850.0140121188128 80.75024439041444
798.5215535340697 94.44701140148881 93.46340376892914 29.967943587224266
498.90490708050606 670.746334879058 764.720560075558 83.41504979860136
924.8637109902417 641.867640511501 740.8592426018745 36.43308621023872
873.5890906852431 255.81663207423443 450.78058829350863 35.77126178364964
147.53550476559118 774.5833969165203 847.6428187312532 67.52638443545447
989.6231163278603 826.686898044585 217.3845328480668 33.261346413053076
897.169585173579 393.2886235169215 17.024245915736145 81.88060145142794
77.16212065286886 820.3738072289871 528.4140660411645 77.5415180628876
955.1208600005916 147.75693745461848 482.59921231933924 1.1447171174913118
104.89725579254316 503.46112883177574 223.08633755426078 80.32717465404511
95.95207440044817 56.282120549532635 135.04374461373138 72.50152626600291
588.4143517481158 435.5568583504005 953.2912596528608 34.74753830581208
273.1745177122302 120.64363256900357 896.3899463851229 94.84597670595318
378.458302184002 659.3052617603754 886.1895387619992 42.89934102641797
844.5854474624941 506.9598038865971 674.0335209323886 88.0456093613633
947.7363014606645 865.9686902269982 893.285387545546 6.1623968082719855
342.2057717160124 751.831894536024 940.3270151031867 23.66247305851683
587.3783914176697 197.12376019327183 232.49156728880237 13.787197429631771
542.2017433519632 639.1724157085475 542.3511515498932 67.98283503602084
27.675689408680036 727.4550430692304 532.6472436722985 99.72900137916938
456.51283064617434 992.6860515648771 578.7905432571216 14.633505701516569
502.4476144267577 323.1185864496221 237.88890808724273 3.90406744429298
998.0748727082754 765.4191258487184 517.2049387625259 64.5406186376243
51.24711171828622 347.69965776326285 337.1529656491263 3.4517980176614005
498.4111605619077 737.2157238774022 964.6177154659282 32.09086131657782
741.6395872337611 589.6120828188119 947.5883588859926 56.77762693174372
890.1311955467553 695.4210268399733 663.7215973944086 14.559660041443523
219.05210602136205 738.7318225867197 759.3938571506735 80.16677620113093
598.3983922762263 608.4555511489798 21.865089422194895 90.8574858774354
234.7377934064847 262.408617915185 572.7999502555031 14.325149129027315
628.413808408452 41.9106537894105 25.94327706593713 25.035329547312724
181.93325231114122 907.4949237906548 794.2604340618433 20.983309622466717
417.328823928777 487.155851539864 432.4808236349953 64.71061393084298
91.64998979053362 942.941449881473 338.04618299367615 70.68749278246537
827.9651282285218 151.3831920035925 81.80220496336344 61.75520199447173
436.9482825665123 675.6947002534781 324.23167934713103 2.5652882431899227
133.89763992170955 643.130386580722 586.9363391540976 88.46645569867943
835.7736155019019 421.5035005129757 38.096413247577956 63.626059995771435
281.37909833761364 329.67520813905185 179.830457828257 2.1348340164699553
240.75389341519517 458.46649165822726 814.5571499714638 91.02217602991207
716.5683192645887 21.15051750396846 435.74059449642476 66.09241550992404
138.51190601644657 845.4868172086191 827.7594868806599 55.4675319476419
32.757983276875294 918.9584094984583 300.86674804187584 23.9991888908354
127.65464275474802 437.57041917465875 880.2799093295408 1.8572027959370963
916.347653239783 54.74228559852512 573.9594762265174 32.0976717839451
954.8636620633033 951.3403530352724 132.42465549471316 13.43618996316004
617.7746626532347 140.42327964583367 56.22389657982318 23.88615364749708
944.9951965860279 770.5573252665409 751.0735647788123 64.5663179319793
349.0714073291271 571.436949535195 283.04931784868484 43.95263180661364
292.6830097848988 719.1574099943481 752.6090932064909 33.151161010759914
100.73486147334121 560.846512120776 581.1308529400916 62.59054619688717
200.10661116617868 848.9836726772176 614.6040414519186 42.80968565312774
579.5069870690614 371.8687931698592 170.23342449312096 81.33120458745493
602.9714028155887 899.0006668732694 583.4092950628582 75.92329882342415
232.9874951996217 519.582318172742 481.11694448258845 98.69113167829929
813.552226260923 636.2360875670539 323.7913410250478 24.596737956651637
426.02208151367415 238.78090235995043 403.48935563456934 82.06858347795776
437.3439047004046 875.6501411842689 981.071993455767 32.92376373952032
984.6927652743133 256.35957746991454 91.2824738084993 63.01189931119375
971.3221042540506 769.112724590384 984.217020208556 48.85753197520781
287.37441312306254 363.6317622866395 430.19431586659175 47.4783332899484
0.6514815972750165 971.690235280248 978.030428000038 88.71562395869037
0.18631650144551593 104.10435770555226 579.9282349235498 54.426108316105115
324.04601173181857 374.4478789427432 237.559446679936 94.63373004901932
26.673502578527298 4.096751797923015 215.9691538641365 98.8783196443386
850.3901311608593 195.11894343456748 714.8604419185884 19.548237399556623
673.2301421144381 249.2378458171428 853.7346909317654 42.615129302912294
573.0177604769286 236.13108546109873 410.3517570313827 52.467773852365795
840.8393031448833 928.9216974609615 825.5195442355432 41.31502484239537
882.7324690435258 166.4585733669104 302.0205694886079 99.62696909079104
241.8187437646736 220.44307646209595 553.8649851209034 13.572284215504492
579.7395914938162 242.12541730700477 201.4195660401471 39.89635879234075
859.4674962170491 846.8875807580922 876.4881653975797 65.82280286757505
575.2026768148335 0.7330718234292988 805.1419065385408 17.90466911450739
753.4025774250708 983.6989228587147 788.6364446369932 0.7206796343991018
241.5705621082831 232.4789903793717 727.9790459295708 29.551004182917882
730.1616058103781 360.0513064797267 795.7026129828604 28.0808384890435
189.62814243845915 269.6653265412581 893.3559068985038 23.992989333915116
649.0398054324647 26.194788302024598 584.5578129823463 41.417268062489
298.221032340437 517.6232580075338 964.7441873134426 43.35357250990934
769.249259426488 171.48733503632363 203.61983453909139 40.88206352736381
534.6849560141346 914.7514769434771 165.2514848308263 72.5357124416176
614.4383070344261 270.8646364109825 57.00247745465725 62.0034383183771
11.133629792881795 564.290505995639 105.38452424515876 83.96393500006096
865.8539666234431 952.4800591262745 978.4993448619704 57.80274827558186
192.5287435835269 16.04213863235615 53.81619736995269 4.638782601174363
168.4778192645683 990.3329591644849 512.9796398032786 27.07505125906057
469.6482890674243 826.1722015457535 724.1419460280066 26.179375162682682
437.65710136334667 972.2632542680418 125.41812813605135 65.8939766703012
111.54651576575836 982.5423426961883 794.5521602162919 22.687671667809727
198.82136010611907 515.9283154779426 967.5760328752268 76.96128686004012
680.6916804931207 558.3128718844441 436.5669511643613 80.77282810318145
137.69616282400955 71.54595749224535 100.70052455824174 3.177520386002186
698.8668679552014 864.1775636442843 452.3276814255381 65.82100004167066
668.2371668134847 570.355047566638 345.23186541639416 54.288731609563435
378.63543634106986 457.8335299789099 169.6354161247645 63.175834204017875
943.0370430998953 887.7702492677447 367.2325810371513 46.651730019357
527.6027453040641 348.68773237550164 371.40896039376395 82.430216645238
195.25014217285064 768.8518602120635 548.8775502304269 63.26655548424666
221.26764015349733 612.8318614996684 352.79615674118094 91.43614217522135
652.998242564326 322.15343612021076 152.67708038944906 12.350548086909118
35.38195362229424 894.8419107809056 831.3547255816367 15.97068109820019
730.6655348959237 884.8234221721209 18.203043310534795 96.15711017149809
438.67954901121544 421.21344037218023 485.38141014751915 81.36728810919041
480.1376188162302 718.7099426739516 933.5485803119719 75.4786817794393
291.4135449932619 537.75445590243 124.1720589541574 58.25281181332645
183.17925390297475 477.70137516251543 771.8504071908063 65.65412008766145
96.79814127509002 341.7527092728244 803.6529935202637 46.427404160571726
903.8456923946925 200.2251705398902 654.7884909280733 46.11960746485717
686.8976015372597 630.7309718959733 416.79210235681774 17.84745667883174
13.41751360614607 213.6114379514824 482.181732866807 28.975294184052014
691.821288490486 133.77816287031231 945.9531936435544 69.1857801458264
696.6854951544577 798.7127794739206 397.37200303880684 3.4767139576136197
705.0616281989777 524.301698057577 78.43637462818198 50.94902017948352
910.1889481871633 845.8461714779111 141.47364113241102 62.58856280305266
757.5749968948827 857.2571077845408 505.98830275256 52.39105689130488
582.0580060416834 475.7706452063133 476.02980000883053 2.7151939713908613
10.465398569436957 867.2347287855152 175.10072527777353 7.633653755950675
490.2325242586522 6.0343335779873275 495.40066463733837 7.1636620248103355
272.45887364422407 392.4131973610005 408.6592663923164 32.455698335901126
762.0465520310851 644.0985363143045 150.02720948848759 82.93010174167163
824.6818174672244 48.12248933741836 774.2714994784288 36.33613855030624
298.025565193891 491.59236373293777 144.7389118395258 17.59044361680484
423.8881509660194 658.7146934755772 112.95336442689529 97.05445439022091
473.6144643600148 38.395334712941874 596.8207650856893 95.36140511211923
654.6785646544016 867.3972712315053 740.6879134104845 1.0498103339978249
831.6748421191039 312.6675908736667 862.3320615881156 19.18784452675082
649.6829771859141 770.6537611764841 939.9767230939207 52.27733995560413
859.5660976532561 437.53076943818047 898.3114119742656 41.638208233194995
501.1578225322084 992.35720657416 279.5398906884742 28.03639684392235
938.3726563668316 331.5476406737653 298.7283284951383 81.15255458072346
308.5819284498712 464.30262826796167 917.2844418976008 73.4580577963684
24.480404352042907 614.1236562365694 898.414461994671 95.40250052522211
457.65176041986956 476.9706043721969 697.8041341267606 37.252263625056905
690.9907772416805 441.3044492941768 101.47865408723256 18.893353397914947
899.5219107753376 362.4894144591257 224.61452860510923 38.35139317988639
364.75848380123034 92.49747788607954 471.8933711750939 19.063666638028153
401.3445199485749 518.9761829688215 572.3067843746572 98.92918263023446
734.540703813944 836.1812834957309 993.837741764585 3.748182165978009
597.0083886497476 992.1078663139149 923.2339053947109 98.14989380399076
784.1620557822531 769.4048053788257 97.66438980088277 6.09950831175351
838.5122271114363 442.56673614267214 13.622804309794457 1.6409107877932372
90.43120470379651 461.9684225834907 343.4172921473689 22.179193308967992
535.8171772523497 61.40166093445709 625.1316189531715 45.966475683736384
679.0596111327336 81.65963478353066 987.0822655439862 23.665172115687415
538.2637089223124 416.8774081775115 204.35003134906339 65.57958963804495
567.1663246504357 715.0860563881321 801.6595262459325 77.32933543841564
472.6681077997773 896.44407774494 402.9334025485555 30.50634380591417
81.01102441505303 774.3227092416689 598.8425557868117 6.703781738821646
887.2219481152423 828.4171788933437 970.7611286062986 86.0389953545161
569.0243666942938 929.1341904341822 366.5619225367568 7.929187804895865
451.95422161281004 343.65503810794416 202.36456864331498 59.73392462143846
81.19365500432085 392.5469632148909 660.5110577083018 23.434003565570936
685.1864884490423 50.66781373991325 646.334377252338 92.22980859345222
51.111361269514546 396.0505647900303 649.7304381831411 11.702676440105552
6.623117332033024 415.54244432995057 460.2987182235435 18.075700588245947
89.27709956752805 735.296425456689 27.917518862781154 51.01340381406959
402.3839870545365 409.2277661166853 80.78272107350348 91.48985763859258
323.4085227418815 553.1924454571916 580.4498568230168 26.412939117743385
331.7706917117773 74.13367161479766 510.44107083251356 93.87443550985766
523.4578816099779 596.783098565652 126.78031289507996 15.59281422310217
725.5924865722919 442.28386137597306 95.71977568014623 25.77010851109598
127.44227704397426 252.370824825611 490.614131032555 83.72541920602599
829.0829746987291 511.09511763677074 634.3299841511404 13.643253244789976
333.5091835627012 66.71434221371885 483.9017756907038 22.930862724179534
20.615211838273083 950.564118260254 885.1891370304828 9.183354448636704
157.32358012653424 259.1086507980903 512.5056169043982 72.40739650375289
522.2419528898938 906.7843944118093 641.4583062578682 51.99671589745047
543.9766669549174 383.5703842874121 237.59752162615743 83.47107611666064
538.2644452648069 767.3047978318303 219.48714116029865 20.44019395592781
895.8914194283471 27.350697280718816 511.6005762854502 46.20800323187222
568.7083159210905 479.7633378353976 748.1680521505772 7.958041850554087
645.2123947907825 604.1132014447419 205.65252072154837 59.660369426915075
880.5965936321624 682.7473629464431 633.9223262360687 23.952436432193558
223.4243345610406 198.38889573713558 818.3057410502915 77.74923739921337
856.0118962774392 229.28570272348114 379.0557565743671 20.041447322264506
175.22527629012586 833.1831259093254 198.42062508937963 83.76874291575216
858.7282799665377 225.619893204558 120.56072356134517 40.965728158264135
770.1421285097772 399.69546979351367 305.46203544976424 33.4920465256858
621.897490210119 306.4710466816982 336.4038754323464 81.98800427019353
192.96986551039785 273.02964692137834 185.80438486177187 24.528542831440305
331.29693073601317 408.135053821158 619.9748564112573 44.89521635262105
177.606161469272 322.2499216533703 396.02491702928864 95.04858428652072
342.2220339295309 914.7447367824687 625.4747492376808 84.91472875720571
865.2036190959502 947.4324299370704 750.0252793267323 99.20523658335966
49.77145895936952 115.4490902546934 927.9271550570281 97.51561495344676
157.36845337629302 77.19704332088462 751.4929857383972 76.57803890102613
194.14758319585735 876.0358892311865 728.2728077143006 75.4303975375797
111.78290621842457 228.64979683901686 59.99361405136394 20.121137371890384
653.6043950121409 232.0945419867354 74.41524284241463 85.4422938323101
895.9897093205836 134.86521920595473 541.9674370733505 64.59261319549293
925.082147314313 512.8761127717738 12.47292919714904 80.24225442232293
853.7971389173401 45.978567657226634 15.517827284959985 34.729956103608906
883.2081717074544 561.7650503866502 894.482667799846 21.331942829593544
887.6138770156665 131.13081884693943 2.8813908636032837 32.668304289601544
127.39563287769029 493.3037119675896 350.7984483164034 82.55965474765807
424.13165995180003 313.24037099696557 485.17097616680695 19.75901571037455
640.9925521286822 728.0331271617072 271.67316472266657 57.970051914006234
741.7613647558288 330.92869244121124 324.26823788289647 86.54616123598768
434.30257021898154 978.6010568668883 764.9822559188663 44.395545396801694
829.2364487596375 684.829533861116 104.91415646098812 36.05667494366088
150.85463668094224 841.5655230719647 448.2395284941213 39.73826002293459
278.0964760057131 676.4235179709809 243.30268434892088 73.58187118994935
93.44196345404143 132.05623595544125 596.0785769108905 68.8267074897693
19.302660979480635 427.71602802638023 437.8212215648173 28.568598447924888
580.2405966026195 634.2175671941908 487.2716045571884 13.198679785249922
736.3871200800019 363.38106286045434 24.989403788852616 58.033051841579166
620.0158778907277 650.9218161722451 532.2405881141391 63.07200806983395
729.5390633741766 84.30045997250613 323.6438046497448 2.112209303384338
546.6989889163823 443.9870452788259 834.7057151078252 37.38837189428874
85.00774060528349 267.14119208254886 534.3278354618514 69.39046397343296
774.3326541588337 241.75173655684202 153.59261297976224 12.205106035094659
538.5613974151657 972.6044992414598 823.1571313516611 55.88500969833997
714.1321785190895 160.2361874674739 924.0693588888179 41.76180115296327
634.055059991543 146.71700529776732 817.7685257296398 85.46620926944571
148.19121406990288 454.77689983361927 324.82018287858085 97.24934484192964
942.7105651149496 213.79024935614945 968.3996292274313 5.408172643189135
741.6860876812478 345.0987713454996 509.2117751682761 12.420301009108725
290.7626022089134 586.4022947440579 839.8245258583562 56.23440813892214
968.5491749193167 89.19923835817633 645.530969742852 47.03813263303967
225.63210366981912 234.05072519586378 590.7240246636511 27.70204001666956
685.0438358806912 454.660801591841 369.3492357941497 51.11506166467321
922.27865434247 615.7969954140586 376.29131638898684 13.26264083336175
533.1007585136358 949.3972251822726 592.9050805433258 71.3741142108516
49.733571915071664 309.753317770766 916.9198661700012 4.777588673343236
15.15841199658896 932.4723020748545 1.4089196529105674 54.68348912354563
736.4675934904174 715.8391471399177 510.9051536746173 84.32086306715277
802.7830631663742 695.4124713915818 71.12326031534644 6.534180895856679
7.980219130926058 440.5057044167653 151.50590933029574 47.163920370899056
295.9604779703414 539.9547778738001 202.51423497097142 48.87217608369055
360.2455172724641 454.66804084925906 727.9133487572368 47.582216450722335
85.21244433272201 453.1541274635709 377.61552296856496 40.00642451858163
78.34518883502383 867.4613829391229 687.7245555886741 91.77122892829871
817.4214646605336 78.1115107204866 969.2077358303962 23.10860128938479
251.36988168314377 654.8816767174757 532.3592188451298 76.91283847880447
640.0364381431566 71.65206898929777 744.4899660089412 51.68430457504719
980.2193015842855 177.16234283291166 632.7725371940273 2.701523357091007
111.33354884813285 576.5439515184305 821.0329621389172 73.07838333576785
930.0946798864163 56.56806903877132 976.0020029962851 89.21211875578972
393.46556374036703 280.79567210798785 361.91675858651837 0.13996928950120724
412.89024670735597 105.28635681823629 224.24198218222358 69.70948763782224
734.2360385454406 488.1807447415527 260.75435644604386 48.700854653479496
255.89516588727378 121.79801504819754 399.8619524791216 66.10340507647943
64.65081211290769 250.8116136720454 336.59698076639387 16.972303907460695
78.44280837033779 745.3117653286515 936.0130239432547 2.4907735194397818
224.90167416849428 765.3311802359806 256.18176667125636 60.00211218946889
793.4965087578635 495.6229194909535 68.06292408497683 0.19775139300591826
427.7249510297956 357.4738790624343 960.860053775973 52.12544830356828
411.47705687004253 840.2436192154009 102.14830616989434 69.60963159107271
970.9249962722262 311.3991526144211 323.3920900503251 98.6099847135139
68.75264329128628 12.000148966333612 812.051560750085 33.11427253158321
257.04192664097735 957.179226816112 384.6252874009464 11.904837082223896
474.08090884093866 225.11069594013267 51.5560749287316 32.29565069475077
416.6589519851911 373.0126553808153 854.7277092457895 73.14287567746739
138.6643097590702 552.5877688500747 190.30718590078754 97.97552494291266
849.3596786873067 970.5114380147164 533.1612626482897 36.666664813193364
602.5982220285068 267.3061484865823 599.108880472033 5.658021392868296
18.98708381857417 952.3381285696172 529.8131977690052 69.8851254212697
272.0415547130056 780.147760407912 441.0738374734661 8.059331609751574
512.7815147534504 520.6299858640014 297.3329376966424 4.605239311797005
927.8349301288133 767.4409333531704 221.70320473428328 31.970281593110084
49.092892132705735 572.5532224291645 212.31565781605465 80.4379543196928
903.4865810049142 815.1833182903388 811.1092374667003 51.008194438351374
309.1935248430624 542.3481785308595 95.53254463768602 33.62384792446318
716.6432357994514 687.4647916450322 215.48626728758214 28.74723506601864
868.9260736271261 658.0142581183923 991.2228238317376 77.93645976967072
769.4970835079534 223.1590558969083 649.0853213186097 70.6790031498333
161.3135933311487 111.20183028181575 946.0488023324032 80.00796233699315
735.4736635361189 500.7017363518654 264.7968521149654 64.39327178476152
257.4669044858625 151.27368002309038 580.1263182945457 62.62149081369773
467.7649693084167 625.0834191604965 522.0634236562914 65.41819395279865
577.3243499854457 333.3732417560008 423.5589889316748 78.59285756516145
355.67156890592764 479.2004306165216 529.5071999308739 11.041579952986968
779.0769892900998 18.966317316131853 842.5081170171285 37.08368072390584
350.85509811110785 327.68086287968856 609.8646313381226 15.2615489666577
383.9734182766086 617.0696176339407 385.28702872638763 43.37835307789331
225.5400551244192 578.4355374606745 193.73192427644193 20.68186033968861
